This is a sample data
anxiety	depression	qol
2.229858763	9.093246672	10.79142269
5.076646362	12.77664303	7.352593316
3.473939675	9.781641133	10.48551781
5.424612271	13.81707226	4.78996773
7.851075934	19.21530533	0.194301162
6.488959645	17.24614663	4.87686301
6.400458806	14.74063496	5.332620144
4.541290773	12.70224417	6.910603978
5.394187724	12.96874725	5.701706235
7.414307548	17.34087246	3.004036494
5.636673453	14.18226147	4.807698465
2.152402293	7.612731935	12.37642762
4.189818284	11.00475259	8.130140156
6.990773131	16.19368958	3.762898467
6.917635575	15.81893163	3.872090252
6.836175793	14.04733275	7.422350563
4.698060796	12.16628948	8.299638595
2.553862422	7.841807486	12.58773927
3.262351423	9.888519592	11.51569697
2.91502927	8.945744801	10.50778777
2.792724434	9.342755485	9.224489185
5.888370123	16.29205312	4.079781596
4.590098776	9.520413698	11.35050493
8.351264866	19.01434969	2.022041097
4.7373555	12.04813235	7.843668104
4.600234044	11.77426265	6.256237829
5.109824831	13.36795294	5.237211107
3.635669023	12.79914749	6.231310057
3.544591704	9.945783319	9.810546132
3.276191428	10.5854505	10.5351078
4.92495377	12.49204265	7.267371301
1.73715352	7.232028853	12.23906053
5.354333192	16.00740908	2.066125057
4.974998402	12.87442671	6.642497747
4.211365747	14.28397996	7.102175589
5.703125862	12.99746169	6.6308922
6.757535125	16.59150801	2.876494363
5.40930816	12.04540722	9.551904147
3.225238579	9.23994907	9.111921226
4.045567883	10.78734813	9.75052855
4.464518093	11.31721432	9.030457567
8.171718326	19.2030157	-0.498363938
5.093801189	13.30895982	5.316659388
5.712993554	15.15969329	4.93713558
4.757239989	14.74057867	5.030644759
4.927816316	13.43242462	6.020671405
3.037705027	9.239919542	10.32340802
4.131480345	12.05785262	7.845319763
4.865031289	13.76765894	5.702673068
6.963789132	15.47490157	4.005981778
4.075895217	11.64595312	9.7649868
4.549801435	11.26878306	8.550374383
3.307104399	10.42219611	8.956854483
5.146092639	13.50159541	5.019885036
4.449927161	11.62228612	7.6177828
4.227147285	9.986041766	9.864598426
4.907593717	13.31251052	7.057724123
3.348212556	9.842862709	9.331726519
3.291931525	10.22545477	8.316745362
5.237473619	13.54392339	4.706114596
5.567193811	14.15291839	6.519327908
8.860172932	20.4499231	0.42724648
2.718944764	8.20553387	11.45089245
2.355763514	6.763628605	15.4222729
7.457663211	18.1890661	2.877829484
3.903087935	10.73647884	8.952825806
4.747985016	12.05130714	7.47726576
6.375437443	15.78964443	4.00691918
6.410400752	15.50623745	4.799423406
6.602956858	18.07876554	2.68331202
4.074233642	9.759131772	12.34495428
3.230890032	10.15898908	8.65051771
1.738144853	5.314360117	15.84396041
6.124461176	14.32118114	5.324383042
4.348216331	11.99027376	9.488221641
5.48275124	14.17097532	4.838528473
7.171738199	17.73989832	1.484587662
8.814123229	20.45329947	0.881020679
6.625854899	15.38566714	4.257845259
5.989777574	14.22820673	4.305808736
4.809704473	10.9596027	9.017616092
7.277560999	15.09201034	5.512188924
6.004629258	16.00661788	3.151014881
3.969171892	12.13958595	7.662258605
0.063219066	1.037463875	18.55894065
3.254894513	10.51255822	10.62609267
6.92817616	16.65532213	3.174171068
6.821592497	17.04684159	1.801151848
8.851617675	20.99160044	-0.681194373
4.394186104	11.79000264	6.797944192
2.8905859	8.108857394	12.21211559
5.83623217	15.5533163	3.707323898
6.402545644	15.19344406	5.106956656
5.493516565	12.958163	6.120869508
5.928590323	16.82346906	2.867133665
4.209063625	10.14649758	8.84652092
6.42614061	15.94533246	2.829121755
7.370025113	18.04711172	1.107721356
1.177701424	5.364935461	14.88515174
7.229861128	16.76435302	3.073873122
4.061399587	11.07381204	8.405160569
2.703994493	9.298511	10.64751323
7.207995913	20.22642326	1.633854919
4.421500166	12.17059025	7.995157205
4.445342758	10.84657818	9.95611868
3.248434722	8.706910377	10.59728448
5.006558304	13.21127731	5.914270328
5.531183251	13.90755525	5.92291664
4.751951737	11.58794287	8.902065122
4.742148189	11.50685621	7.060263066
5.598224628	15.7532085	4.192346735
5.036598424	13.0124553	6.438681191
2.699877338	8.288038185	12.03326134
4.141207306	10.13374804	9.195535403
6.700005953	17.90622131	1.920951387
4.570341016	13.16676147	6.923002954
3.765171968	9.52148539	9.913239114
5.218854768	13.94572198	6.754327283
3.586977872	9.992840633	9.918514703
8.085951633	17.96508742	1.292407835
5.70160344	15.01629534	6.248567278
7.345241148	19.33746344	2.445599023
4.933252939	13.28262961	5.520374769
5.722887991	14.56589084	6.115828457
7.091151277	16.83543111	4.68624265
5.206424785	11.7550801	7.299685078
5.663591115	15.40432472	5.432633167
1.862882371	5.983550675	13.53580559
5.880539888	14.93258492	6.707503978
8.763742645	21.15269904	-2.492845952
7.69821253	17.25732058	2.074489631
1.729834457	5.94154006	14.13630641
3.568934536	12.17670581	7.227102483
3.167011354	8.469725828	10.98096642
0.277946111	2.744768331	18.15448988
8.056900003	19.84364558	-0.570913508
3.740425552	9.098376963	10.24418526
2.863815957	6.679845246	12.66349621
7.489719648	18.22088303	2.106737189
5.919752292	14.19042985	5.422658877
5.335411657	12.00538976	8.742087597
4.449993955	11.98060552	7.166043829
5.984645236	13.9035381	5.490217081
7.679509142	18.83744032	2.426699237
4.046511551	12.4619979	8.080030012
2.006408927	5.140388952	15.00744277
2.597152059	8.699085269	10.03396417
4.185077944	12.14613559	8.309407861
3.104503809	10.05081141	8.949184177
6.703332797	16.94151534	2.648749745
3.823137982	9.969844935	10.15343613
2.275053793	6.10064315	13.27192724
4.100724116	11.79700608	7.764200703
3.713349937	11.20541673	7.061084188
3.978508896	10.78418322	8.421043009
5.514404022	14.68589281	4.424515358
4.160889104	11.75703917	8.427451761
3.095544689	8.555780115	11.61766328
6.02478681	17.03378089	3.475517287
1.51146463	6.683775744	13.09272237
4.004975177	10.95078636	9.555892137
6.531171563	16.20719431	3.057467001
6.002786135	15.06621248	4.350835673
5.663822342	13.11054828	6.899857729
4.817848533	13.56700412	6.802667208
3.686635934	8.521989262	11.32200979
2.678303723	8.706757437	10.95328567
8.311863868	19.70933684	1.193649163
3.501578905	10.37079896	9.2763463
6.24384111	16.36784419	2.57217114
2.056389662	6.342704509	13.55270659
6.596390914	12.99746831	6.375257515
5.558925018	13.17985594	7.09505991
6.315748518	16.53419866	2.297641906
6.187452647	15.96020675	2.614232777
3.844146973	10.75165337	10.79647599
5.952125469	16.67419637	4.637363176
2.624732763	7.814120851	11.41699095
6.435376091	16.40049215	4.933693125
5.26939449	13.64049551	7.032503709
7.84416068	17.15577242	3.907485986
5.081461826	13.05538534	8.085314855
4.323180498	12.40869371	7.740470953
3.883769224	10.5337449	9.576985277
7.055626966	17.8219306	1.797138139
4.549059043	12.08709097	7.926735935
2.536739898	8.248984876	12.57772847
3.483510517	8.933884653	10.69156871
7.171036297	19.39453915	1.702508986
2.90180223	7.526528355	13.17481077
5.580799105	13.86082092	5.897206309
4.104853147	12.02672534	8.46994391
4.562278467	11.65033	7.454933215
1.789112975	6.565236556	13.74981609
5.149679372	13.1234966	5.85575472
3.956162601	10.69074905	8.754000791
4.870195262	12.15133331	8.460868863
7.102739936	17.24175141	3.898141959
1.515683473	5.260823912	16.64289009
8.465096056	17.95129627	-0.117519858
